1246614 1251800 
1248216 1258248 
1248794 1252237 
1246033 1249016 
1242962 1248620 
1245135 1248951 
1247672 1252876 
1249299 1253417 
1252326 1259841 
1249763 1253363 
1246814 1251875 
1253735 1255566 
1249142 1252980 
1247386 1249862 
1250778 1255863 
1255459 1260524 
1249552 1252714 
1239988 1244977 
1249618 1254484 
1244244 1253157 
1245470 1251618 
1249376 1253146 
1245167 1253148 
1253496 1260213 
1253613 1257418 
1251559 1255983 
1246923 1249637 
1245996 1248471 
1248753 1256224 
1248993 1256673 
1249174 1253756 
1245633 1251602 
1250075 1255505 
1253215 1257445 
1247850 1252796 
1249796 1254034 
1247148 1252102 
1249095 1254761 
1244578 1252840 
1245064 1251064 
1249924 1252451 
1239463 1244585 
1244993 1250922 
1245808 1248936 
1247960 1252199 
1250154 1253626 
1245541 1249681 
1242598 1249139 
1248868 1254649 
1250554 1256314 
1247989 1255917 
1254667 1256693 
1245720 1252028 
1250565 1255833 
1251924 1259241 
1252727 1256224 
1245649 1250807 
1244438 1248006 
1241342 1248109 
1247911 1255574 
1250879 1255244 
1248078 1251835 
1247075 1251029 
1249294 1254465 
1246547 1249683 
1246498 1254226 
1248313 1254330 
1251210 1255538 
1254951 1257855 
1241947 1247884 
1246924 1253709 
1251174 1256883 
1248012 1249580 
1245877 1254399 
1249517 1253150 
1246355 1250487 
1254256 1256354 
1245627 1251826 
1249504 1252272 
1246946 1251774 
1244414 1250892 
1247108 1251675 
1255869 1259968 
1250456 1254461 
1248729 1255071 
1245701 1251699 
1244511 1251894 
1246673 1250743 
1250997 1256262 
1251273 1255066 
1246134 1250847 
1249883 1251880 
1244879 1250590 
1242036 1249765 
1247065 1253953 
1245395 1250794 
1249062 1252464 
1246529 1248152 
1247131 1251773 
1244918 1250686 
1248650 1253230 
1244005 1249533 
1247622 1254078 
1246149 1255928 
1248491 1254606 
1249545 1253981 
1247993 1254216 
1246285 1251196 
1244893 1253913 
1249101 1253286 
1244568 1251561 
1244862 1249117 
1250535 1250973 
1249594 1257445 
1245594 1251953 
1250108 1254244 
1246811 1249865 
1247992 1254409 
1247741 1251024 
1254675 1257096 
1246424 1254072 
1250198 1255035 
1252273 1257169 
1257352 1262086 
1251961 1256155 
1254153 1256005 
1242387 1248377 
1249813 1252598 
1254135 1256476 
1250673 1256779 
1243454 1246393 
1243333 1248008 
1246838 1253670 
1248787 1252066 
1244210 1250622 
1250870 1255669 
1253194 1256877 
1248564 1254783 
1250847 1255693 
1246347 1253847 
1248362 1254011 
1249008 1252452 
1251653 1256923 
1247103 1251600 
1248379 1253403 
1243327 1252843 
1245216 1252174 
1243225 1247651 
1247884 1251280 
1246307 1247992 
1252493 1258859 
1248883 1254656 
1249231 1251323 
1245878 1252404 
1249366 1255179 
1254026 1258587 
1242304 1250026 
1243140 1247216 
1242687 1248777 
1248506 1257061 
1247494 1250934 
1246823 1251286 
1251299 1255870 
1247940 1254661 
1245386 1251145 
1242245 1249895 
1248013 1249342 
1248244 1256585 
1247375 1250383 
1246077 1251601 
1251248 1252375 
1248759 1248080 
1251164 1255127 
1246331 1251511 
1250166 1252344 
1249726 1256557 
1245721 1252263 
1244375 1247711 
1249959 1253461 
1249275 1252559 
1251243 1255625 
1247420 1253372 
1241410 1249737 
1246104 1251736 
1244975 1248156 
1246933 1253752 
1249805 1253189 
1251435 1255249 
1249687 1254365 
1245091 1252338 
1241858 1252959 
1248840 1250276 
1248655 1254565 
1249937 1254551 
1248745 1254284 
1243488 1249276 
1245508 1247947 
1250932 1254502 
1249387 1253307 
1247646 1249676 
1250477 1257285 
1248526 1251890 
1243703 1250308 
1246591 1254248 
1253837 1259578 
1245433 1251671 
1247961 1256764 
1242257 1250081 
1245809 1249478 
1239499 1247598 
1247434 1250503 
1251167 1254063 
1248973 1253664 
1250241 1258624 
1248297 1254976 
1241937 1249283 
1249771 1255312 
1243130 1247265 
1246132 1249499 
1245659 1246986 
1245548 1250551 
1247321 1250090 
1249311 1252814 
1244855 1250539 
1248566 1253942 
1249847 1254432 
1245849 1252767 
1245005 1252121 
1249973 1256183 
1240724 1249350 
1247752 1253358 
1250486 1256021 
1244394 1249037 
1243344 1248324 
1247166 1254236 
1243047 1254603 
1251671 1259766 
1249873 1256623 
1245114 1248834 
1248569 1252112 
1247814 1254037 
1248915 1255270 
1248765 1251020 
1250868 1253994 
1245262 1252926 
1243489 1248547 
1247209 1250978 
1245633 1249773 
1248273 1253658 
1252593 1257171 
1247792 1255009 
1248997 1253388 
1254437 1260052 
1242803 1247637 
1242664 1249430 
1248362 1253516 
1250986 1253240 
1244064 1250386 
1250816 1252177 
1248192 1253757 
1248720 1250903 
1246904 1251416 
1241216 1245201 
1248135 1250522 
1249219 1252897 
1248003 1254447 
1252604 1257642 
1243519 1251793 
1250251 1254934 
1251160 1256240 
1257170 1260435 
1251850 1257811 
1249871 1253535 
1252369 1257787 
1252531 1254544 
1238824 1246166 
1252516 1257921 
1248497 1254371 
1251779 1260130 
1244038 1250118 
1247735 1254671 
1243778 1252270 
1246612 1250597 
1245825 1255870 
1249876 1260012 
1247272 1253748 
1245853 1251990 
1246289 1250532 
1254230 1256560 
1248416 1251965 
1253210 1255379 
1242453 1249784 
1250334 1256648 
1244498 1251344 
1248176 1252529 
1248159 1251821 
1247033 1255626 
1247582 1252455 
1244364 1248687 
1253098 1254524 
1246305 1250154 
1247023 1256390 
1246039 1250536 
1245445 1249366 
1250678 1256690 
1252802 1257040 
1247910 1252153 
1252921 1257398 
1251960 1255397 
1245252 1248482 
1248520 1249511 
1245946 1251044 
1253360 1256387 
1246641 1252917 
1249155 1256727 
1250536 1256209 
1250223 1256330 
1243205 1247940 
1248665 1256104 
1251024 1255496 
1252786 1254946 
1245907 1250239 
1247403 1253304 
1244707 1250144 
1243668 1253134 
1247872 1254467 
1245346 1252394 
1250337 1254140 
1248989 1256264 
1245086 1252570 
1241003 1250095 
1245202 1252403 
1252701 1257330 
1243517 1253644 
1248633 1253069 
1248179 1253398 
1241954 1250038 
1249911 1255766 
1247315 1255257 
1252152 1257641 
1252190 1255778 
1249891 1254948 
1247549 1256258 
1248088 1253840 
1247035 1249323 
1244976 1250209 
1254556 1258005 
1247003 1253967 
1249836 1252655 
1245593 1249151 
1248035 1255727 
1247107 1251702 
1247130 1250754 
1248795 1257160 
1243071 1250031 
1248911 1255011 
1249352 1255249 
1247136 1254733 
1252840 1256801 
1246605 1252913 
1244862 1250057 
1247897 1251648 
1244687 1251736 
1248373 1254546 
1249018 1255027 
1253883 1257658 
1239818 1245616 
1254034 1255384 
1251559 1259243 
1247320 1250570 
1251429 1255397 
1249631 1251491 
1243986 1248153 
1247749 1251892 
1245057 1251415 
1243881 1247948 
1245955 1252442 
1245774 1249370 
1243883 1251792 
1249341 1256240 
1256977 1264440 
1242542 1246660 
1241301 1246654 
1252398 1258659 
1252396 1255557 
1246920 1248192 
1247741 1255694 
1253024 1256386 
1248234 1253260 
1245745 1248636 
1241542 1248175 
1251148 1255224 
1250730 1259319 
1248966 1256286 
1249736 1252715 
1247951 1254776 
1246194 1253564 
1249595 1257534 
1241825 1247945 
1247670 1253175 
1255007 1258427 
1247875 1250736 
1248433 1253426 
1245134 1248855 
1252011 1258320 
1245680 1248882 
1247996 1249516 
1248965 1251546 
1243508 1245063 
1248116 1253624 
1247278 1252240 
1252353 1257482 
1245958 1250552 
1248150 1253460 
1246393 1250827 
1248310 1250591 
1245548 1250944 
1245463 1253679 
1253776 1259860 
1247149 1253146 
1251378 1255142 
1246112 1253487 
1249172 1256279 
1247709 1249933 
1251721 1258665 
1244609 1248286 
1245008 1246509 
1247899 1253788 
1251415 1259309 
1251132 1254556 
1246229 1251526 
1240628 1245610 
1244594 1252671 
1246058 1250897 
1247859 1252296 
1243260 1250435 
1254509 1261053 
1242913 1248912 
1248840 1254077 
1245197 1250264 
1248750 1251692 
1247345 1252889 
1249820 1254276 
1246155 1249809 
1244737 1248562 
1251742 1256033 
1249691 1256151 
1253041 1254016 
1248899 1253856 
1251998 1256527 
1251627 1256514 
1243072 1249726 
1250971 1253734 
1247141 1256320 
1248235 1254520 
1245012 1254189 
1250915 1257509 
1250149 1254316 
1240256 1247576 
1247232 1251951 
1246287 1254385 
1245014 1246595 
1245403 1255237 
1244000 1254757 
1250376 1256371 
1246073 1251176 
1245502 1249733 
1249509 1255483 
1248393 1252656 
1253582 1259215 
1256391 1263273 
1245378 1253121 
1246914 1253490 
1250416 1257498 
1248044 1251161 
1239296 1248727 
1250562 1257442 
1246832 1249003 
1244341 1251188 
1254111 1261049 
1247647 1251252 
1248230 1252247 
1247993 1254526 
1246381 1253178 
1241405 1246291 
1247416 1249124 
1242858 1247834 
1249603 1256426 
1245416 1251141 
1251192 1254771 
1245425 1250972 
1243537 1242566 
1248788 1255887 
1248099 1253295 
1247601 1251043 
1246042 1253351 
1245174 1252225 
1251913 1256001 
1245498 1250090 
1250524 1255176 
1244049 1249698 
1249203 1255623 
1253333 1255066 
1249701 1253833 
1248230 1255369 
1242648 1248810 
1247015 1255368 
1248582 1254579 
1249799 1253965 
1248198 1253573 
1246390 1252814 
1247589 1251533 
1246436 1249438 
1248669 1252096 
1251546 1253605 
1247284 1254320 
1248735 1251859 
1249008 1256771 
1245157 1252087 
1242859 1250306 
1243598 1249493 
1242678 1251053 
1245050 1250415 
1249547 1253792 
1245923 1248621 
1250302 1255342 
1244730 1251994 
1249119 1255457 
1249982 1259014 
1243742 1249920 
1251669 1254371 
1244400 1250489 
1244752 1251135 
1248058 1251530 
1250223 1256830 
1247078 1255350 
1249535 1254580 
1249351 1253877 
1246616 1253722 
1247892 1253235 
1248006 1253835 
1246664 1252588 
1246636 1252632 
1249683 1251876 
1244374 1253479 
1249747 1254439 
1253569 1256996 
1248071 1252557 
1253841 1257861 
1248270 1256103 
1247791 1253983 
1244171 1250657 
1253176 1255449 
1247936 1256253 
1249351 1254632 
1247900 1249886 
1248295 1252525 
1246977 1251506 
1249224 1251736 
1253695 1257681 
1249740 1256253 
1253992 1261814 
1249218 1255048 
1247714 1253516 
1243986 1254607 
1245934 1251376 
1242399 1250768 
1246770 1252734 
1250217 1254101 
1246799 1255879 
1249551 1249833 
1242276 1246098 
1252675 1257776 
1245041 1253144 
1257273 1256265 
1248885 1252397 
1247583 1252093 
1244146 1249048 
1244897 1251884 
1247521 1253526 
1246668 1250395 
1241846 1249193 
1242867 1249173 
1244696 1248058 
1251544 1258465 
1252231 1257891 
1246117 1252662 
1249567 1253421 
1250132 1252110 
1247820 1254041 
1247443 1252712 
1242315 1245325 
1255832 1261947 
1251527 1256522 
1244864 1249553 
1249926 1254323 
1240500 1249996 
1253207 1257571 
1249454 1251256 
1247854 1255481 
1246774 1254642 
1247725 1252859 
1243954 1253379 
1250239 1257270 
1247186 1255537 
1247688 1256541 
1250073 1254510 
1248705 1250908 
1250592 1256276 
1248516 1255107 
1248168 1255770 
1244544 1251408 
1253692 1260554 
1250007 1253712 
1247505 1254099 
1245824 1251661 
1251492 1255410 
1244379 1253128 
1254580 1259847 
1247519 1252204 
1249187 1251099 
1249301 1257126 
1252322 1254807 
1243588 1250118 
1248234 1256262 
1256330 1258353 
1249487 1250525 
1248983 1252138 
1247762 1256559 
1239226 1245501 
1242363 1246569 
1246501 1249854 
1245106 1246415 
1248569 1253779 
1247137 1252470 
1247771 1254106 
1247936 1255147 
1245510 1250619 
1251955 1254098 
1247869 1254728 
1246045 1250192 
1249087 1255291 
1243875 1249007 
1248566 1256461 
1250041 1256387 
1247764 1256634 
1247740 1252034 
1242943 1248600 
1248544 1254071 
1254001 1258358 
1249103 1257233 
1242333 1249790 
1242848 1249975 
1249837 1252978 
1248596 1249370 
1245797 1252036 
1249472 1255392 
1248397 1251692 
1248803 1252372 
1250958 1256346 
1246252 1250115 
1249079 1255639 
1250860 1253242 
1242212 1247912 
1248719 1253932 
1246616 1252031 
1253815 1259889 
1252803 1255494 
1250453 1255794 
1247650 1252612 
1250956 1253373 
1246247 1249405 
1251705 1253256 
1245678 1252632 
1244955 1248275 
1247737 1252501 
1249245 1250641 
1252177 1257576 
1244631 1250571 
1245022 1245982 
1246431 1246560 
1238799 1243534 
1250956 1256725 
1248607 1253787 
1251200 1257909 
1245785 1252846 
1246097 1250280 
1249965 1254091 
1249560 1253928 
1246242 1250184 
1249038 1254986 
1246472 1253565 
1251102 1252562 
1247457 1253973 
1251388 1253522 
1252705 1253942 
1249552 1254385 
1247988 1250756 
1252097 1257622 
1253400 1256081 
1249926 1253227 
1248015 1255580 
1256634 1258332 
1246226 1251762 
1251405 1255903 
1251216 1256431 
1246505 1254432 
1244183 1248291 
1242738 1248157 
1245657 1251825 
1247112 1253189 
1248471 1258610 
1248710 1254308 
1252044 1258049 
1245192 1249986 
1249166 1254728 
1258857 1263408 
1250668 1253562 
1252919 1255981 
1249120 1253378 
1248460 1254578 
1247099 1252348 
1248615 1251207 
1245182 1251967 
1248017 1252727 
1245769 1252112 
1249892 1251930 
1250713 1256461 
1246907 1254000 
1249864 1256474 
1246678 1254185 
1248218 1252972 
1256074 1261457 
1250031 1257145 
1245820 1253283 
1245621 1252805 
1248711 1253039 
1246602 1248583 
1249680 1254084 
1244230 1248851 
1250630 1258943 
1252469 1251890 
1249048 1255833 
1245649 1250217 
1242826 1248289 
1246440 1246703 
1250898 1253785 
1245414 1252161 
1248902 1252423 
1249945 1256929 
1248832 1254221 
1244681 1252233 
1249440 1254744 
1249810 1251041 
1245395 1251887 
1242513 1248967 
1246472 1248537 
1249621 1252822 
1245268 1252563 
1250514 1254613 
1245616 1253638 
1246803 1252592 
1249709 1255042 
1245182 1248685 
1249027 1251372 
1243025 1254403 
1249195 1254721 
1249887 1256170 
1245613 1250959 
1250837 1254495 
1245695 1246725 
1247438 1251844 
1245863 1249024 
1246135 1251280 
1249499 1251987 
1244179 1251249 
1248418 1254099 
1248588 1254201 
1246081 1256200 
1255647 1260894 
1247167 1253148 
1246065 1249031 
1244939 1250949 
1244519 1252584 
1237341 1243877 
1248274 1253702 
1248172 1251061 
1249279 1255407 
1244962 1253121 
1242434 1255231 
1250263 1253040 
1252678 1257852 
1245618 1253133 
1246234 1256358 
1248399 1257262 
1250910 1257041 
1245632 1250294 
1245336 1254847 
1247679 1250790 
1253192 1253664 
1250057 1255678 
1246077 1251946 
1244648 1251973 
1251417 1256101 
1245482 1250532 
1245979 1250839 
1245961 1251276 
1250430 1257443 
1247386 1251479 
1250730 1254646 
1248282 1254492 
1244301 1251106 
1247818 1253400 
1252387 1254634 
1248231 1252402 
1247135 1252752 
1249528 1255930 
1245857 1249158 
1246307 1253206 
1250477 1249012 
1245854 1251230 
1248955 1254714 
1247913 1254210 
1245043 1246537 
1249350 1253729 
1244071 1251072 
1251223 1257166 
1249123 1253924 
1249030 1252137 
1244550 1248818 
1247264 1247613 
1243669 1250866 
1244433 1250465 
1245999 1244428 
1245266 1247918 
1249640 1255997 
1243421 1247692 
1244674 1255058 
1244678 1250413 
1245018 1251129 
1245013 1250614 
1246292 1251685 
1255150 1260356 
1247629 1257057 
1248773 1254811 
1247271 1250158 
1246745 1255390 
1244682 1250485 
1246602 1252349 
1247935 1251513 
1252502 1254239 
1250511 1253453 
1256147 1260847 
1245938 1252003 
1249034 1253614 
1249954 1251856 
1246970 1247458 
1249887 1256808 
1251290 1253562 
1246695 1251954 
1249542 1254841 
1248203 1252276 
1244870 1249670 
1247683 1255808 
1251740 1255992 
1248118 1255776 
1247787 1252543 
1249244 1251944 
1253759 1257233 
1240870 1246331 
1249901 1250398 
1248129 1249829 
1244378 1251276 
1247234 1249332 
1248139 1253693 
1250862 1254213 
1246345 1253155 
1247736 1253282 
1252779 1259746 
1248891 1256613 
1250942 1256245 
1242031 1248308 
1246709 1250093 
1249367 1254233 
1244527 1252694 
1248011 1253903 
1250934 1256581 
1242740 1251416 
1246527 1251538 
1246223 1257057 
1245969 1249559 
1246497 1255129 
1249747 1256768 
1250813 1257862 
1249638 1254080 
1247021 1251505 
1249085 1251757 
1248317 1253409 
1246959 1253647 
1253056 1251735 
1248892 1255051 
1246996 1253262 
1245403 1249432 
1245629 1249969 
1244918 1246637 
1249323 1252828 
1247760 1254548 
1247133 1251632 
1249546 1253262 
1252984 1256642 
1254564 1258516 
1248197 1250674 
1248824 1249130 
1249222 1254280 
1247776 1253525 
1247893 1255060 
1246561 1251543 
1245012 1246132 
1252241 1255724 
1247938 1252167 
1245133 1250328 
1249225 1256025 
1243892 1252070 
1242387 1247233 
1242826 1247611 
1247584 1254114 
1249673 1253447 
1252220 1254235 
1250320 1251186 
1246800 1252796 
1250771 1255922 
1252121 1256207 
1250991 1251832 
1242758 1245302 
1246676 1254599 
1247530 1250973 
1250269 1252872 
1251758 1258742 
1246150 1249599 
1246205 1252054 
1249769 1252971 
1244390 1248622 
1247880 1252946 
1247253 1248316 
1250035 1250296 
1248078 1254082 
1247638 1254252 
1250398 1252124 
1244512 1248779 
1243877 1249266 
1250670 1255883 
1247068 1252270 
1248038 1254601 
1250991 1254741 
1246154 1252462 
1245560 1251650 
1247427 1251442 
1247849 1253432 
1250938 1254905 
1247318 1253549 
1245302 1250683 
1253660 1259659 
1240603 1250594 
1248416 1254004 
1254325 1259404 
1245447 1251197 
1248374 1252186 
1250771 1255849 
1247281 1253009 
1242626 1248863 
1245726 1251814 
1244642 1248180 
1249956 1256253 
1247879 1251369 
1244655 1250495 
1245267 1249400 
1250067 1253836 
1253731 1259997 
1250665 1257888 
1252836 1258480 
1251535 1258654 
1237860 1245244 
1251631 1256047 
1250221 1254666 
1252960 1257332 
1248407 1253664 
1247489 1253568 
1244262 1245749 
1248821 1253857 
1249314 1253192 
1248900 1252646 
1253727 1256330 
1244730 1246470 
1244392 1251576 
1247681 1251283 
1249475 1254323 
1248004 1252861 
1248865 1252393 
1248351 1254397 
1249919 1248966 
